14900
12080
25690
5560
29170
15220
2350
31060
28300
28100
3820
25900
18070
490
4910
8530
10810
2510
11740
15370
24680
400
4990
8890
2120
8210
3340
5090
7640
18040
5870
30340
7700
15670
26050
2780
1160
20240
1960
28310
2510
6070
28150
27440
31300
32180
28940
32470
14330
4810
7670
30550
20870
25810
13490
20770
17440
27520
14680
18070
15080
30250
16490
2260
2050
460
30970
10520
4930
12910
25880
21950
23300
5620
7510
27770
10070
1390
7090
24100
6800
9340
30220
10160
29590
26320
31010
7370
32450
13370
24220
24080
19300
25400
17380
5330
20890
8960
31280
9890
28720
24680
8510
21560
5380
22670
32110
11000
18710
27220
22510
30820
30700
11750
170
16720
10
32090
1450
24890
2440
5740
7540
10240
6670
13040
22100
25970
26240
27080
14630
17060
13340
20750
370
29000
31100
3640
25570
11410
30400
29950
340
27160
1930
13210
3760
13990
29350
5480
8170
5120
5870
4090
620
22630
2570
28340
9440
23780
760
940
30880
28270
20720
8260
23120
26680
8320
21580
15670
15290
19400
13420
12830
9440
2360
30220
31210
5330
1270
2890
29630
13520
9050
30040
9380
21290
19430
26950
16450
3890
2750
13090
29710
20200
23000
22390
7810
17030
2480
21190
29990
10340
24710
19660
14800
12040
730
28610
9430
12340
6470
12460
4400
17440
8330
22450
26890
16210
26800
26920
13880
3890
30290
18140
27010
28160
3440
15920
10240
14590
30380
16100
7520
16240
23170
20710
2600
27700
590
16820
14440
29600
17420
21650
31450
10330
19690
2030
5290
24020
290
30310
1330
1340
17480
27250
27670
4810
26440
25390
15020
18400
14200
2980
8090
3620
26830
19940
28970
17150
9440
17720
11890
6910
10550
17290
23900
30100
4220
