32561
18601
30131
31531
4061
12041
21761
28721
16741
16331
24901
25031
28831
15191
9491
28831
3281
13331
5881
26011
22661
4831
11681
18611
12251
23171
331
31741
13771
15661
18601
31601
11281
4651
24241
18851
6671
28121
9431
19121
32531
14761
28001
4151
931
25511
12781
5011
4961
2461
30311
7921
19601
2971
6781
4061
22831
13631
6841
18761
14501
24511
10421
26731
19501
23161
28771
24481
13661
641
14231
17821
29551
21281
20821
13501
31391
21731
10451
20531
13801
16951
11351
4121
15061
2071
31261
2711
18331
15571
6671
13831
16231
2221
25711
8411
3571
13181
17861
16751
27701
18211
30431
24641
26611
31991
13741
9721
25091
18361
18401
24301
2561
13511
731
31111
11741
12521
851
25001
23231
5441
9611
4081
25201
3451
14041
6781
3611
5231
16481
19081
19231
491
25381
7391
30731
12611
21091
29221
10561
7711
6691
6061
6461
3341
3211
14141
1931
30161
31471
30991
30451
23851
20671
24271
22921
17521
27571
10021
23041
15811
21151
7091
911
16621
1001
8041
16411
22751
2351
14791
1
2371
5291
24671
20231
18041
14261
7691
12631
21521
20731
6541
25961
17941
4181
3161
20371
26731
16231
581
3001
791
27451
24371
24791
5231
22271
16091
28621
29251
11011
29771
13151
11651
29831
1301
12911
2711
5641
28501
10561
8561
17051
28001
11321
13891
28321
28831
12721
16741
26281
8651
26041
31181
5041
11531
9641
2741
18901
5401
3791
3881
20131
31171
12971
16801
4991
23051
31
4361
8621
4931
11861
26281
27151
17881
26101
24721
25751
29321
30761
15601
28991
20291
18461
3641
13781
16271
24851
17051
10411
14821
9641
12431
7961
21001
29371
