14762
9352
11122
10282
10312
16112
24082
13922
10802
10882
30232
18832
25232
3112
14552
23092
14282
15512
20252
18712
2182
8152
7982
14582
18592
5582
2162
842
31442
24092
27452
472
7462
16322
7142
14122
17312
15622
12802
9232
9002
11872
32732
20072
26872
27022
22562
10162
8912
6632
16532
24412
8182
7942
12932
6212
31342
2302
9062
3142
24022
3262
3332
29162
992
27422
2272
26512
14342
3332
10882
17732
15722
30092
1562
22042
6952
26522
7292
7282
19022
22112
4292
13582
11062
2512
19462
9742
21992
28232
10772
12532
16862
6802
18682
21772
22042
24722
24182
20222
8992
17582
17032
10612
7702
10732
27332
24202
30502
29162
17402
5062
13442
3112
32302
28822
2342
20782
9032
32092
31852
13892
19282
29782
25882
29312
20762
6922
6602
4972
23062
9892
23552
3082
28352
5882
17672
21482
2722
14402
32662
16852
28672
6392
30472
5792
4652
22982
23122
2
82
5192
25882
3452
15562
24052
11092
26072
31312
13442
12482
18382
18592
6542
4012
6712
12932
23812
25132
2882
23552
3772
22162
4792
7822
16112
25802
22952
6812
15752
15682
31222
24022
28342
6382
12082
3122
21842
27242
27812
11632
21802
8242
7382
3092
7712
10592
2092
7772
31292
29252
15542
8152
17972
9472
2
2932
32042
7352
3742
11312
20272
10282
1982
23732
26752
28912
23132
22922
25612
9362
31222
4912
23662
17062
5372
22412
30532
32612
19622
2722
32392
17852
30052
16682
31252
19772
19642
19382
19592
9512
10792
8092
32422
17792
10742
13972
18662
8182
