30893
10283
25133
26213
10123
25733
19333
16363
5983
19843
9563
4133
5863
18583
73
29303
11333
443
2423
14903
24133
27323
25973
25973
3973
14873
18013
19883
1133
7963
21793
24763
3493
25303
32363
28403
28783
8513
7793
6203
23863
5743
26983
15373
11023
26683
31043
19313
21623
15913
9583
14263
29113
613
3613
23323
22133
22963
30553
16513
3223
10883
3053
5143
2383
833
29233
20503
25223
16873
16073
12983
29363
26623
12943
53
6353
10483
10003
10753
6893
27193
21383
1793
20263
28333
14593
2653
11983
20083
26723
19823
22063
15793
11873
17573
27913
13613
12623
4493
31283
31493
29603
23993
21653
9683
31633
30653
29773
10523
17293
11113
31663
20093
12583
5473
16453
22043
24353
23923
6863
7693
13303
4123
16183
15383
283
30103
28693
313
9773
10363
7313
21223
31133
4813
26783
16153
25213
29173
83
6203
26273
24503
7603
9833
4273
14933
29953
25243
31333
9853
5503
22583
15493
9283
17533
9523
11293
713
30583
27793
18863
17213
763
7093
15233
8593
14713
18103
31483
13613
28303
17843
29423
3173
27913
18353
4093
1853
28493
5263
17213
10433
13903
17123
20083
26713
30713
30293
26143
22753
16073
29923
11203
29213
3823
31843
6163
1493
20303
22093
4403
7153
27493
22483
21613
29453
28373
20843
31703
4223
24733
20983
15043
10613
27173
6463
27173
803
32533
27883
7853
27913
27193
13423
29383
7133
22613
9433
29573
6973
14323
31313
15443
3113
7663
7603
23263
