11414
1484
10054
24584
6514
28684
15764
10654
18614
13484
244
31984
3664
21634
10274
30964
4954
14374
28894
18364
7624
24854
7114
16144
4294
5144
30064
32384
11884
15484
5954
23534
9964
19784
374
1094
6524
22274
9754
5834
28514
374
21634
304
18514
3514
2764
17054
6274
24884
15074
11324
14774
14194
5984
7144
30844
27674
11014
12704
6554
30994
24004
2834
20194
6944
27874
32504
944
8164
13744
9674
27344
25024
26344
2164
14144
2084
25514
14554
26044
15134
12644
28504
8254
18554
11074
6154
4624
6014
16634
16384
6734
13954
14104
17144
30514
27134
30574
25604
21674
8554
19604
19084
8824
1184
2984
20554
31954
16424
14084
14084
724
22804
22184
18004
25444
4114
7834
21154
74
26764
21494
29624
3634
3674
6364
13784
16964
25304
12704
29284
1054
13594
12344
18044
23774
16564
24284
18764
12784
9764
7154
10264
22984
26564
2974
4184
22294
32044
28574
16984
32254
20924
15184
24944
25784
13244
10454
4474
20704
30994
26194
544
21314
16834
2354
10714
8354
20344
24544
4984
23314
32294
26354
15284
4
9034
14714
15554
29294
3764
27524
10484
5374
25634
13124
20464
32554
7414
32144
13744
14464
15094
3274
22054
32614
20564
28504
21664
10634
16894
3634
3674
13094
16064
22114
27344
32074
7424
7894
23684
5404
4844
26254
21164
7124
32264
2554
32524
16634
5324
23444
15964
6764
22484
764
2384
29434
29804
22654
3914
10544
31514
22244
31504
3724
21164
25274
30724
4334
30584
6904
23714
3974
16004
14834
11714
5074
16324
9584
20404
704
19414
7744
2264
23954
1294
25574
14
18694
1484
26024
11944
4684
