12025
15295
28355
28525
21955
31355
2785
24335
1075
24245
24205
22555
8695
32315
26915
32405
18845
5185
25145
23875
985
16625
3065
11585
10475
17135
15785
31795
29095
9055
9785
1225
11075
23105
28955
2275
13925
29065
2095
7235
25195
15515
13135
20005
18065
7555
8335
26675
7645
10195
32285
22135
19055
3845
9155
7145
7475
6955
26795
24455
3635
25225
4675
20785
27575
12085
18935
11725
16055
31325
22715
11495
22525
26465
3275
85
17495
10345
9815
13045
3505
5645
11335
8465
12455
2035
13705
30505
15845
5555
29125
12775
15395
8065
1655
24475
17095
13825
25105
21605
21655
13225
11455
20035
6295
10945
29815
31345
22895
27965
18655
18965
18245
545
12955
19625
26575
16555
26395
24565
25345
18685
11045
26075
13585
20585
30575
11155
21895
14335
31525
15295
8135
1055
9955
3425
29215
2185
22945
17485
5
24605
25205
31925
29165
14225
295
15575
5875
4105
5495
28505
10535
19645
29335
145
9925
3575
27985
15665
14935
12145
10775
25325
7715
9625
23245
6685
26275
14005
27385
23375
32285
17495
8245
19165
9145
22915
6125
20335
22255
26615
5135
6355
16565
21425
24715
25195
17485
31405
30205
9695
17465
28975
24395
11765
20915
5315
2075
16235
9005
25775
24475
19205
13895
27965
19975
11605
30265
22655
28495
27545
22835
2915
21215
4895
1115
29285
26965
1955
23395
17675
10345
5665
6665
24545
27965
20455
4585
30445
4795
22795
29605
25225
30985
29915
18035
18725
17185
1355
8045
10895
4525
28705
4675
28885
23525
13505
9475
20095
1795
19685
19705
2995
12655
2875
23435
7735
23995
23885
1505
1955
9355
30625
15205
6145
22265
11825
17585
21335
21665
17945
1435
16765
23425
19595
27085
10925
12215
14315
14875
4445
