15746
25816
26596
15686
16276
28886
15766
2816
2476
11906
30206
17026
13166
25876
14366
29716
23626
21556
1126
5576
356
29366
2926
1826
23236
32536
11446
11596
16286
10276
18106
25796
32566
5896
22886
11446
27826
886
31876
26206
25606
6856
11686
11236
30386
20306
2636
31306
25156
17806
11986
14386
2366
26066
25996
26656
22096
17206
16546
8746
29276
19016
13126
14186
17666
1196
17036
2366
14686
30506
31366
25966
8026
21776
19156
27296
4216
1486
19766
25576
24086
22406
10166
1646
31946
10966
19096
31666
19286
18116
24326
2966
5446
10246
28456
346
15236
32146
1576
56
14326
5696
13036
27236
18556
12046
1816
2486
6856
10376
30596
31796
20936
25046
6856
11536
346
22406
21916
20266
19456
14906
30046
6106
27826
8296
18886
9206
4166
13846
17156
22756
29026
8596
32056
18556
18866
26486
11446
2026
30226
12946
24116
14336
14806
13456
4166
25366
8176
25856
2036
3586
31006
8546
5906
28166
10936
26366
6076
25426
7526
14716
13966
15796
18386
18506
31816
19426
30656
19636
29606
28546
20546
10906
5186
16766
26996
86
616
11726
28316
17216
17966
8156
1426
16726
15316
12956
28726
19646
21956
26716
3436
9956
3496
12796
22076
23456
10406
586
28516
23306
23026
23866
25936
14426
5726
24106
15406
8356
21796
22076
13346
896
5056
5476
19246
3206
20876
29296
18716
18656
18266
17266
7066
2176
8266
21706
23836
22286
24946
28556
8426
10066
18896
2056
20416
21896
5936
4636
24446
15886
8516
20936
29606
7936
26216
24436
29696
23776
26596
10466
7706
25246
4076
28186
14336
11476
1246
29146
28646
24566
30796
30716
