31267
27137
28777
12467
18137
18707
8287
1787
20077
22217
857
4937
6397
32197
16777
5627
18367
13387
20167
19807
31267
23467
22367
7477
18727
6287
5267
1847
4627
7997
29177
577
8047
22427
18407
17017
29837
28757
31127
8297
5797
6857
31957
6757
167
20017
22297
18797
24727
14197
32377
10517
28237
1537
16327
16007
4597
11597
23897
25867
4187
18427
13577
15247
23267
31327
7987
5177
13217
4517
22577
3427
25007
19367
11707
7667
30947
11617
32497
10547
25477
24937
18217
10487
7127
1007
25457
26497
24587
21197
27487
13697
3347
29347
24977
30557
497
32597
12547
6677
1457
6697
24827
28667
23527
18947
16027
10127
11227
10997
27007
9937
22537
26867
1247
18287
5627
10667
3637
13217
3887
15317
6467
7387
7037
1087
7607
9557
14077
31067
13057
2077
30277
13027
13157
19117
26707
9727
4897
13007
19337
21227
6887
29017
19787
10397
16027
7207
15787
13657
31067
19237
22637
26287
31727
10897
457
32677
32347
15857
29737
15587
3977
1597
14537
6707
24427
3967
19657
15767
29447
20767
11527
13697
23027
2107
30697
32177
3527
13867
12227
17557
27697
16757
28337
13777
19037
20227
29057
1387
8347
30307
11747
5237
1507
3727
21737
18557
3067
21827
3947
15337
16567
19637
30167
23797
29957
25087
10597
22847
17797
20977
25417
21677
1907
29797
15437
27827
1097
18617
7037
21007
14707
10547
6947
24317
27167
9397
5467
13687
1897
31277
23447
8767
17957
10387
23237
3217
30247
17507
15397
317
29627
15037
17417
20507
5707
27427
1327
6307
25267
16417
7247
18097
29987
16847
19157
13837
2797
20227
15697
16037
13877
