19078
9958
19088
26978
5128
29338
1918
26018
10648
11878
608
13328
7168
11618
4168
12728
3718
16928
6458
31928
38
24398
9308
12778
25268
11528
23038
28748
3188
31048
6178
3598
22748
6238
31738
13658
268
22018
11708
29798
4928
5938
16678
31528
16958
27298
28178
30428
9638
17258
28318
32698
25078
19748
2048
29728
8978
5198
8228
9508
568
29168
29708
7078
21208
8728
4648
28888
19498
2558
14428
21218
1048
15358
10178
17288
22078
6658
5008
29468
30598
26638
23908
10898
24338
12118
128
20188
24778
13798
1048
21338
32018
30818
25558
32378
188
22408
10708
28478
9208
31868
15308
27268
7978
3188
12938
7208
1228
6748
11758
32518
4378
31118
28168
21848
21278
26408
8278
15148
20668
31268
30998
5758
30448
8038
28898
2548
16048
14288
20168
4228
10948
17318
3698
4628
25958
4708
23798
28198
20968
12488
22388
13628
28418
15518
12008
18878
2918
10538
28258
24338
28378
30338
29488
5048
8608
29828
22868
10888
16708
31928
18358
28208
17008
20858
3518
25838
10618
24218
15448
16318
28868
20648
8708
28238
29738
6958
3818
24718
9628
6998
11248
25418
6308
21388
15748
698
12668
20428
25748
14378
12338
13028
15898
21718
11438
1408
2818
15338
4558
18908
14048
11518
21298
14878
12458
19708
4028
14738
21938
5458
628
25828
21328
2518
14498
22058
3758
9268
28978
7978
6688
15698
10558
16088
13408
14458
9538
28988
27838
16768
31258
3058
18698
17128
18508
22318
27748
3538
928
2698
28658
19498
10808
28678
4958
3098
9098
29158
27118
16598
28708
1408
16738
21868
19228
15518
15448
1798
21998
15008
1598
26128
19768
5068
5758
10798
6068
9658
31478
23258
21808
30278
27848
11318
20908
29048
24058
1738
17638
8198
15178
16228
5608
32038
24748
6548
28168
16538
28018
13988
9568
25708
1178
19388
7478
31048
9238
8218
8128
2888
29258
2018
7718
5558
