29129
23009
16369
19799
28729
8599
16049
17309
20609
28099
16099
30989
31259
20479
30539
16679
31819
26639
17879
31019
22249
29539
30739
8779
19879
25259
11669
3319
10729
19529
10369
4439
27509
89
14659
1009
7129
31879
9149
20269
4429
1739
6959
21709
25079
16799
3629
7469
5969
27929
24649
5579
23489
29419
22759
13579
18349
20519
27829
26099
11479
32189
27739
2099
26729
8899
1979
7139
9659
1879
16489
79
15869
13139
12509
3089
15469
12859
18439
29539
31739
27179
10379
21799
9739
23209
1559
14699
19529
28489
2159
1079
2879
31849
23959
2509
3829
6689
10489
4189
24149
4919
529
17779
26239
10859
26609
27769
25949
4799
2549
1649
13669
16529
28559
19889
8189
14029
19999
28229
25339
18269
29659
23059
8989
10169
16219
19859
1379
26899
13399
18589
24919
14719
10729
10369
2429
30869
31019
709
29539
10819
22999
27359
28129
5419
25739
12179
6409
25189
16709
13649
7529
29749
23149
5039
15089
9169
7039
22679
30889
4099
27709
29729
28339
1049
5759
15589
17749
22609
18869
19459
3149
20639
13969
4939
15829
6119
8569
11509
13919
689
9109
23599
28439
12149
17059
23399
13199
10859
18599
10109
27259
4459
17419
27499
18349
2239
8099
29369
14149
6679
6109
18539
199
26579
22139
20459
13009
19699
599
17699
7049
29149
16909
28739
9329
15799
26489
1199
25129
32189
27839
7489
7709
10259
14689
839
2129
20819
18409
23969
25279
24139
27119
29599
3529
10369
13489
6029
5209
8269
16609
12019
32309
5989
25609
4619
24749
2809
31099
16729
14659
